# Date | clone | fetch | shallow clone | push | ref advertisement | clone (hit) | fetch (hit) | shallow clone (hit) | push (hit) | ref advertisement (hit) | clone (miss) | fetch (miss) | shallow clone (miss) | push (miss) | ref advertisement (miss)
2019-08-15 00|0|0|0|0|19019|0|0|0|0|0|0|0|0|0|19019
2019-08-15 01|0|0|0|0|18499|0|0|0|0|0|0|0|0|0|18499
2019-08-15 02|0|0|0|1|22528|0|0|0|0|0|0|0|0|1|22528
2019-08-15 03|0|0|0|1|22313|0|0|0|0|0|0|0|0|1|22313
2019-08-15 04|0|0|0|54|22123|0|0|0|0|0|0|0|0|54|22123
2019-08-15 05|0|0|0|1|22764|0|0|0|0|0|0|0|0|1|22764
2019-08-15 06|0|0|0|1|22377|0|0|0|0|0|0|0|0|1|22377
2019-08-15 07|0|0|0|2|22737|0|0|0|0|0|0|0|0|2|22737
2019-08-15 08|0|0|0|11|22753|0|0|0|0|0|0|0|0|11|22753
2019-08-15 09|0|0|0|11|22973|0|0|0|0|0|0|0|0|11|22973
2019-08-15 10|0|0|0|52|23112|0|0|0|0|0|0|0|0|52|23112
2019-08-15 11|0|0|0|62|23197|0|0|0|0|0|0|0|0|62|23197
2019-08-15 12|0|0|0|16|21686|0|0|0|0|0|0|0|0|16|21686
2019-08-15 13|0|0|0|41|21721|0|0|0|0|0|0|0|0|41|21721
2019-08-15 14|0|0|0|66|21838|0|0|0|0|0|0|0|0|66|21838
2019-08-15 15|0|0|0|63|21391|0|0|0|0|0|0|0|0|63|21391
2019-08-15 16|0|0|0|51|21765|0|0|0|0|0|0|0|0|51|21765
2019-08-15 17|0|0|0|31|21903|0|0|0|0|0|0|0|0|31|21903
2019-08-15 18|0|0|0|18|21671|0|0|0|0|0|0|0|0|18|21671
2019-08-15 19|0|0|0|8|21980|0|0|0|0|0|0|0|0|8|21980
2019-08-15 20|0|0|0|8|21736|0|0|0|0|0|0|0|0|8|21736
2019-08-15 21|0|0|0|3|21748|0|0|0|0|0|0|0|0|3|21748
2019-08-15 22|0|0|0|7|21824|0|0|0|0|0|0|0|0|7|21824
2019-08-15 23|0|0|0|4|21278|0|0|0|0|0|0|0|0|4|21278
